y0
2.36155935091528
1.04880318363675
0.998085247326428
2.20576548558551
2.06434936417413
1.04555915368626
2.19976051663262
0.0416751467564536
1.00494294114649
-0.0523549710760753
1.06591072403062
-1.14875301469274
1.1384727615019
0.00302324704054724
0.266981294013388
0.0779618113561948
1.390356673603
-0.72964774471931
1.65428174133333
2.95375368558371
-0.289513868737678
0.168886265204507
1.66126706483301
1.4571002541625
0.820445107077354
0.998502967082705
1.65519904735719
0.494998737695473
2.24084540789748
2.43909232792733
2.25189868929598
0.8144995021042
0.493843968240308
1.68843530100331
1.07418493278912
0.681082395648102
0.983370930940244
0.719157567430284
1.61959505892365
1.84586461661854
0.67652914203252
-0.29724172143464
1.13801153471526
1.66050107733713
-0.167895159874506
0.618786810378436
1.25155917251626
-0.154195818593281
-0.378646065517529
1.70061474824619
1.26573856188722
0.0393537092346491
1.14304436056893
1.83547839603327
0.754004961140204
-0.167301221552232
1.65651657977442
0.440362263938726
2.25979599231953
0.753727446412914
-0.282214007621358
0.863778702190999
1.40641607260346
3.20914480541137
0.120257303344399
-0.167200119672684
0.45395257241878
1.69452291736893
-1.05312848607923
0.666528379725771
2.4888033187097
0.139051529558128
-0.708519808847824
-0.276897697331347
0.437435631884143
1.58592660906503
0.70575421802663
1.05172694705715
-0.334800501444051
0.61034963526689
0.93024560256807
-0.807858147110417
1.4580010347983
1.47856553572937
0.706100661692749
1.12282958457809
4.47161211306493
1.15840454274137
0.269078539465525
0.754010777656457
0.558320242888008
-0.820729791296016
1.14864971201773
2.09048681722459
0.601808639726771
3.19611274002804
0.404069102181616
1.30359651886894
2.55683374457202
2.50303496983898
1.9645633200735
1.01707731081332
0.378613409016104
0.13899135272203
1.21391934481408
0.870199498519468
0.880806162819285
1.76503614828164
2.0282111172121
1.62505436379661
1.64413993735669
3.60207279011771
2.6273923033078
0.0954292177524154
2.53716680616192
-0.0174649561239888
1.78655137792478
1.95776340535819
1.74922899557629
1.89844994440596
1.02033534430611
0.969805856520794
-0.424590514634541
-1.30627083855464
1.66982371209901
2.47958702243644
0.33363608746544
1.32931639666842
0.344574057501034
0.778998817429885
-0.32675364775903
0.552964074276185
0.887616462605542
-0.408241990577535
2.0636801680146
0.155360877690118
1.29475960880715
1.87948765471043
1.6372292858315
1.68214767361541
1.91176188069679
1.76793448877047
0.220627112161503
1.60339968749126
-0.501423448540755
-0.0340506629507189
0.865974896528927
0.25432894301625
3.01864925211988
1.94670618691835
-0.389140444327329
0.682825030995417
0.448436090461042
2.39247615758122
0.666292874109511
-0.0704924844786359
0.686365836899415
1.91877339486043
2.65448251362415
1.26943251453505
1.32243811135995
0.417801577503633
1.78960854075337
0.172838075505715
0.809577760215477
1.63679349426844
0.253558070811153
2.47549187038187
3.00830480074934
0.0681042013741516
0.872946207395088
3.60900284107339
1.11801766520904
1.61663203270319
2.75287252371557
-0.664794105781642
1.51575980655965
0.173544690954679
1.49250948983977
0.814904008766499
1.71635808583326
0.332019474558188
1.37916357249786
-1.08270573762247
1.16652334194839
0.139120393336965
2.15742453601825
2.78761794581415
2.11018718042727
1.29483832454901
-0.78353838052084
1.14749797047895
0.580975640030874
0.458270869294807
-0.158833009320237
1.41947576721917
1.07315998061683
1.16398419915679
1.49129808413655
0.880984348729084
0.77038748517081
0.559339479878661
1.52967850653591
0.969382095132885
1.97950441021703
1.06027020864669
1.971124081801
0.940095426079753
1.80988276079826
2.40369452508569
0.339925601589893
0.818778256312765
1.25364155192707
1.92071047304822
-0.457749529596207
1.76779050207302
0.588547106302394
3.44464323864955
2.31533194236094
2.21835017976242
2.15515268929316
-0.3627071033226
0.918581230321642
1.12350100862024
0.283122960651765
0.882669286843712
2.27146715092815
0.112383793934205
-0.218677675630179
-0.112058605849773
-0.241620817824249
2.37304758066357
1.461370010195
1.67488987259265
1.99559853795953
-1.42512087226045
2.42915968103072
-0.175269856331167
2.52272194992062
0.501260903752388
1.24200343814626
3.62760756945664
2.7292463379107
0.571979005612042
1.2064629444633
1.29577154674583
-0.505688633636344
3.78982898762017
0.908245501296083
3.73931668075965
1.62250765159018
1.34635016783516
0.608363408304082
0.615758710431816
-0.478016203906316
-0.153331743831008
2.72960948351347
1.82887659395422
1.60753851344944
2.56151524153606
1.87677521043083
0.585337663659177
2.26280503468562
1.42048376597061
1.71579871386208
-0.80676395127355
1.63668529202066
2.6071297342901
1.84030902384913
1.2928071794868
0.0853090063411466
1.88029417256963
0.0469555058162454
1.97954531360373
1.88388763723551
1.84899061611514
0.292273511507405
1.174522878886
0.834010363648744
2.4872910855143
1.54213246430152
-0.365841541510507
0.599110568253254
0.732276819999396
0.955066634492612
1.04591821338693
2.16515862865958
1.72774376317991
-0.321234967391294
2.53673143974282
1.30337042828265
1.65971866107016
0.266127013448749
1.49203574676685
1.2854990474357
0.718565832859399
0.582169552439707
0.386714800912795
1.7801707961412
1.49549334840191
0.360821253223919
1.65894904889063
1.28035940159859
2.09640310092159
-0.281215179961334
1.69569040114787
0.653185452422488
0.0180262500129004
1.94534915831441
0.927307857538705
0.900442166439052
0.955890644899501
1.47600883188518
3.6306333034376
0.706314568985861
1.63295515200588
1.87012985714912
-0.823666801318571
1.48792228186123
0.344207350637749
2.59008181054918
2.56920220589538
3.08478475402618
2.30122096386521
0.0420485380571365
-0.414121112408524
1.67579743963131
0.779362372812994
1.72535007707012
0.969901757760385
1.28817219998351
1.19391745628223
1.26237538312524
2.04552269433164
1.22844031402709
1.16028878081772
0.339634550252637
-0.534669587051526
1.04840600820355
-0.917815155008732
1.53919340556642
2.26676472814167
1.0874170835296
-1.43442051685185
0.401427502935753
2.46159687599201
0.270757985262038
-0.182322448907264
2.25737882519743
2.17438330432718
0.242992097092367
0.976854624435956
2.08076037975359
-0.264986189667378
1.60335664140113
0.270003836839018
2.6619283607039
0.0378616491139079
2.11709808148514
1.00174440089425
2.0547748197068
0.210791909475999
-0.0628411069139845
1.28552778070624
0.915511579157339
1.2047749514919
2.20945595955562
0.338040805852294
1.91140979379326
1.69328271528681
0.128984644552555
1.4274984085371
1.14439434848765
0.896896102995168
0.0970216968672855
1.73290289164551
1.32376246351256
-0.0803367500480152
1.92139001084132
0.122284864299896
0.010950836393271
-0.810162281075248
0.33141012486321
0.982227329561872
2.723469734722
0.804366939023514
-0.816517947168269
0.416836406302272
-0.37678152241893
1.12159600686714
0.0824946575629231
0.550074505789357
0.838117244655481
0.965340483326433
2.28662007754966
0.854675511437542
1.83540434930367
3.01713604206066
0.469140083641346
1.03400635167249
0.812533378449497
0.672689781162765
0.489065850542331
2.2197183764694
0.30447955750798
0.475146904710705
1.26312123646735
-0.320590839802521
0.347856876215404
-0.253550756592616
0.493335416198024
0.809006808271918
1.35055065271781
1.92167580274262
-0.198209949308388
1.12937484442286
0.421535716163893
-0.385046116077655
1.3542118097045
0.720776544388189
2.59067555835243
3.05400831858015
1.03316909592679
-0.850654778312596
0.515551174634787
1.63803536491512
1.48635294517553
-0.352165610300433
0.423079579426146
1.376736999678
0.474760351589216
1.1571593632287
2.13616409473396
1.39945482000584
2.0941467137467
1.21407263999032
2.10314335695047
1.34218580663394
-0.329901614805247
0.272142282397449
0.481427148936835
0.0501180176591116
0.910806175622269
2.34589145028265
2.16363985226132
0.564188430794272
-0.143484684477361
0.757657126800677
1.01815467718844
0.54945218274971
2.15183875118642
1.58714569945579
1.03048074987336
0.204166137300924
1.53482485504891
-0.711667062704217
0.0835813241728794
-0.431513844380238
-0.366998036775321
2.52650137101039
0.549500744191495
1.07886706862464
0.751794736036366
-0.562426703289833
1.57812030196195
0.476516956863126
1.65826294638055
1.98492857790101
2.59196329116867
1.70052478344491
-0.112197204504952
0.553010121959864
0.464243976736022
0.990448141886657
-0.392848420560742
1.18075389434137
0.917294799494113
-0.019093872731496
2.10093828288917
0.934441864212543
0.510143002487467
0.972482938679251
1.16875211755948
1.99712029400281
0.139551864247666
1.2388330449732
0.302907415940375
-0.589626476768133
2.0864384171212
-0.470860131983254
-0.261152265492954
1.09519000514608
2.10667524249514
0.654255731313595
0.392786861163412
1.76764247605077
0.971391753341346
1.56499091953166
-0.269946135176849
1.38735807169855
2.41599885239771
1.00766901068855
0.816240389576008
2.60285793497852
-0.414762861512083
1.98736872225137
0.705790138500535
0.466383422443242
0.804366720314205
2.96250284518375
1.82756465297265
-0.988545313735808
0.505712945656998
3.02942199891949
0.401652286922396
1.58295043320521
1.47907052791404
1.93049760761392
0.963008514199121
1.38991079461983
0.546338154658413
0.884856334743134
1.42482296143742
2.18285701886726
0.934350227948366
0.523158626830089
0.982566402716186
0.764065518647424
-0.919325030315305
2.59717508195645
1.68203552268586
1.37609381152327
0.103298548473529
0.989771677371629
1.07968402232103
1.54369688335109
2.41685619551435
1.28141946718604
0.741330967027477
2.59775925758207
2.70118984741129
0.506223619007111
2.220633986907
1.51162677135056
0.523933556633217
2.32028094034104
1.98241856827067
0.103611802920258
1.51298117584417
0.883603856172915
0.135246685275079
2.31632704673228
0.45508563642742
1.02486097990601
2.64605115536847
0.194096028790435
-0.706924708395362
1.36968302594645
0.000432423612880761
0.928403791609157
1.46095869848291
0.214474970991976
-0.314283540993856
1.45652686323557
0.429215396683377
1.7966707955193
1.66082791714949
0.307875785718089
1.3210974793368
-1.08016608576166
1.06602069330703
-0.158232391199663
0.702384195794841
1.32213405326093
1.36629818309642
1.52240857342585
1.60396413696105
1.56533525711562
1.4380375125276
0.454511965504708
-1.36067861425591
1.90601404185403
0.872246872284745
1.1979117687907
3.02746707496108
-0.469709719943846
0.751791907998927
1.25676762907531
1.32171651240115
1.14072348854247
0.934494546769268
1.03833429173548
1.85488411296296
1.46301100106736
1.55821623926423
1.36871711856086
0.470143069571182
3.80661528226236
1.86389615215655
1.73829385304076
1.57276136985728
-1.29808178851206
0.719185809773993
0.879033085945357
1.02658351438665
-1.71474021818686
1.19166787207193
0.697516552512002
2.20900405737323
1.669324265281
0.110496977435843
1.8092998823181
1.15781944762921
-0.0458993980634168
1.32321383214088
1.03162049920221
-0.00699700775265777
0.62426737796405
1.68256091046875
1.42644580964082
1.94724020342474
0.103007960669727
0.863838030516389
1.86255200455806
0.640292271142168
0.647906642383419
0.273103525632248
0.35176549804389
2.68540788910868
1.09381660251579
1.17948285937391
0.149654798375922
1.17857197656837
-0.773560841781499
1.88969084369742
1.51617140735904
0.917110362063263
0.584960500935641
-0.462829941050203
0.626146503251059
1.13384614542508
-0.423137284343507
2.073061139473
1.59221504304415
1.40255747581783
1.28177878902028
0.407970306243642
2.7800722792107
0.208789099401764
2.38660708247455
2.28397305911003
-0.778874494998284
1.23763230096991
0.0734962830331047
2.93663043756446
1.36411604472836
1.16702628445211
1.2914783788728
0.417116286001047
0.789467041655628
0.557977652113869
-0.0958611934458533
2.99886604983061
1.5088577904003
2.86911417036712
1.86577920144378
1.80167905723324
2.19686881523161
1.57884776787596
2.20485748045677
1.69854900140845
0.882049544845063
0.345069339903576
2.09315461371949
0.476322489392005
1.03404370403218
-1.55828465903747
0.276757505370217
1.1997008063794
1.6290118524476
1.53086977421202
1.28183594532544
1.47758443751455
1.79315803777491
0.990093868313763
0.978962828139653
1.42719902354989
0.48552982761309
2.43228000328409
2.48731636630402
-0.679213454410546
1.31198573542878
0.425417630060501
0.755254603597823
-0.384996250689353
1.52464492703925
1.45651684253495
1.44443920356698
1.11274178069242
-0.639639316579502
1.28050572248868
1.61036429985717
-0.0733580237448166
0.694353613029585
0.575897954707947
-0.00781757151081575
-0.270138747528607
-0.517704787096992
-0.414439882834932
1.20444340032588
0.370597863219513
1.53687018597518
2.66319826324655
0.653472126070046
0.276855151875714
-0.83958920198432
1.14788434211142
-0.0372150213048388
0.191278272345891
-0.0667257269140074
1.42823532564985
0.419858898804837
-0.362203372855836
1.04791770326749
0.795123477072947
-1.22777456414616
0.263887171387151
0.470855406849242
1.29082096590582
0.669010044173078
1.58872599726077
1.15410340374611
0.0997700058798102
0.8445603207565
2.03900825480704
-0.0786548011948067
-0.597516016445157
1.25179381503677
1.62901460946386
0.700322654518744
1.63644951340044
1.84794738427453
1.58200800958117
0.877858260768586
0.9867177705871
0.723672626049058
3.08901179609438
0.717780933400862
0.37183165699458
1.56938956073703
0.173813970820408
0.346579269334986
0.92986716220627
-0.490949831869729
1.58791126972304
0.815494850269753
0.726744920634523
1.16430366647261
1.21298404432358
0.0870975854986056
0.592843408031732
0.966710120837683
1.53405942564288
1.49487152719787
1.40100940586572
-0.585684999895969
1.10109764114162
1.68936244910588
0.912073080890872
1.93893257658827
0.858658481996282
0.0785070026266601
1.46251634096846
1.26718837467739
2.60419264256972
-0.642778670150417
-0.282496762275018
2.20523875924892
1.65514988513111
1.00342530320792
1.73261858164554
1.49050071614493
0.492880189576372
0.0632526048426316
1.17600329450901
0.466822927574001
2.47844747168256
1.15975277085916
1.0804921539449
2.92730218260055
1.10015821497687
1.30111533365424
0.910954664884175
0.72249180529397
-1.59249222950118
-0.0290985245697462
1.82267634126449
0.702508686122744
2.54234056944921
0.703978572866132
-1.138410873736
-0.0484949849453122
1.60842703367937
0.673695285181787
1.83841477852134
1.44412018909201
0.676492511209828
0.889267517274666
2.38317652152619
-0.298570587335552
0.543205253759002
0.202767269186362
2.48750741975444
1.10752105213435
1.48180449390171
0.852624000584871
2.79921876082968
0.371585624653232
0.67763118308756
-0.202838070448531
0.279055051255879
0.417583143861903
0.988555862865601
-0.116384747261897
-0.952268801467067
0.809964869661769
1.60652526872226
1.25273613312392
0.744415638032934
0.61757878887324
0.94003569335914
1.38979843249686
1.3632954267172
-0.631772439612671
1.16160272406008
1.20930461066682
-0.602649078722454
2.4012018404079
0.415494615276907
0.715981972468458
2.24947894892549
2.55453542302635
2.59384087521644
0.295744534996887
0.279002767979109
1.24738589426899
1.10843121088776
2.30239912356526
0.00846121050074844
2.36117407573742
-0.677817025800581
-0.540275850012437
0.934626073654302
1.91326547684175
2.30881247319712
0.153877693722749
2.71250760370373
0.867204990694324
-0.900596213694121
0.631308674059023
2.75042280962191
1.1023202093416
0.498976296073593
1.38148770130034
0.771767333791149
0.161156384771269
1.68727528113148
1.89408443056956
1.44767873359797
0.40108975054209
-0.359176836946688
1.16258808946842
0.99965500283473
0.858327897894652
0.940011836526673
1.25218620853745
0.884555798054895
3.88443569019586
-0.1390976552615
0.827763317026277
1.0917215442341
2.66380256063082
1.35323551292289
1.56550208898405
0.561958824251044
1.77695405684167
0.0695987713738078
0.271889409552979
1.2346746468713
2.6208799290895
2.63127238888128
0.275437370986228
0.113809830069481
1.81505422430594
-0.779690050982885
1.7157536197505
2.07274614550205
0.921561136746214
2.13492702159943
-0.430725435031128
1.47687618766157
-0.223742560992973
0.122261481585603
1.68883261134623
1.41634986840712
0.351983397599234
1.24105153833756
0.682086702046585
1.81010294961892
-0.277933230351032
1.18539080795572
1.1053623379274
1.25028331282289
1.34452905157898
2.07684575009482
-0.520886694020299
0.931982430109707
0.945297939206639
0.698962357001636
-0.130407248963969
1.10283910973528
-0.782188312044403
1.62109284824862
2.03743979158654
1.28563341616006
1.9413765144322
1.88529870764034
0.869409862164339
1.54289025775336
2.62274478092542
1.02894431184357
0.977257494362249
2.41373874793627
1.37444902638226
1.54699773282144
0.972382938807654
1.10512036765292
0.943214732214105
1.64294711351593
-0.688495030034583
0.265986259643237
0.464231144865335
-0.641139426752102
-0.0471134210605353
0.589062770020598
1.67117886627012
1.88669370196697
0.568991671445455
0.642110150414335
1.45173981219833
-1.17140578825254
-0.686618405477944
1.02220204174331
2.90380620189635
0.0861218951998252
1.03891007917822
1.61156524946264
0.684427113674079
2.91509457004929
-0.831571032540408
3.15457928820674
0.456912300781091
0.344483970136482
-0.537371902587944
1.36401515973577
0.945713285023094
0.105710945459038
1.99191138984524
1.54100235386809
-0.802924182738622
-0.238572470705373
0.31141616812976
1.23560226942891
1.29667188076001
2.12236501150299
0.74246943802331
0.643565167095448
1.92068022895498
1.90819891424431
-0.694388634272541
1.28439253846029
1.22459203087129
2.25263462711176
-1.86036229173244
-0.0812384705533242
0.155740887640047
1.26444589304192
2.12045572187335
0.433796393536185
0.834107232840343
-0.337745681302887
0.771095856221587
1.84954951845773
0.922467495263142
-0.217307848948664
2.09430462324869
0.814785614011393
0.359328927113225
0.905516157994789
1.41580486419185
1.67329039376153
0.820791286035313
0.148146045061106
0.803641184569663
-0.976638281282487
1.88242764197542
1.17893236625448
-0.499379169072208
2.3109138512907
0.836389687555181
-0.0885992776684583
0.172043980528239
0.482446157232851
-0.259499789910991
2.25348339913164
1.83283741033547
-0.609389883837464
0.00312933926230663
-0.344447354758585
1.03687149801245
1.03420296865127
1.38080619693567
1.01898150051501
2.1600696789041
